#CHMROP002

ans <- 45 
x <- 1:10 
x^2 